%YAML:1.0
---
R: !!opencv-matrix
   rows: 3
   cols: 3
   dt: d
   data: [ 9.9997149582228373e-01, 4.8210106359418015e-03,
       5.8108002368504122e-03, -4.8866661254384405e-03,
       9.9992378065891219e-01, 1.1338137720377188e-02,
       -5.7556960589434554e-03, -1.1366209976763740e-02,
       9.9991883732313058e-01 ]
T: !!opencv-matrix
   rows: 3
   cols: 1
   dt: d
   data: [ -8.5239071381097901e+01, 1.1940614178696842e+00,
       9.3134680146493690e-02 ]
R1: !!opencv-matrix
   rows: 3
   cols: 3
   dt: d
   data: [ 9.9994753470276376e-01, -9.1729784950886507e-03,
       4.5589809599907863e-03, 9.1468661259289583e-03,
       9.9994182998350434e-01, 5.7158979447631880e-03,
       -4.6111475729206011e-03, -5.6738976699668344e-03,
       9.9997327174444595e-01 ]
R2: !!opencv-matrix
   rows: 3
   cols: 3
   dt: d
   data: [ 9.9990130032128177e-01, -1.4006998727767705e-02,
       -1.0925211440557111e-03, 1.4000549540833251e-02,
       9.9988572503333883e-01, -5.7027613582623657e-03,
       1.1722748673283136e-03, 5.6869026011467519e-03,
       9.9998314231312946e-01 ]
P1: !!opencv-matrix
   rows: 3
   cols: 4
   dt: d
   data: [ 4.3964859506079341e+02, 0., 3.1932437133789062e+02, 0., 0.,
       4.3964859506079341e+02, 2.3945363616943359e+02, 0., 0., 0., 1.,
       0. ]
P2: !!opencv-matrix
   rows: 3
   cols: 4
   dt: d
   data: [ 4.3964859506079341e+02, 0., 3.1932437133789062e+02,
       -3.7478937136040404e+04, 0., 4.3964859506079341e+02,
       2.3945363616943359e+02, 0., 0., 0., 1., 0. ]
Q: !!opencv-matrix
   rows: 4
   cols: 4
   dt: d
   data: [ 1., 0., 0., -3.1932437133789062e+02, 0., 1., 0.,
       -2.3945363616943359e+02, 0., 0., 0., 4.3964859506079341e+02, 0.,
       0., 1.1730551308457987e-02, 0. ]
