%YAML:1.0
---
R: !!opencv-matrix
   rows: 3
   cols: 3
   dt: d
   data: [ 9.9973243972728931e-01, 1.6394254790684022e-02,
       -1.6318007439022880e-02, -1.6026111508074814e-02,
       9.9961970458938254e-01, 2.2441255458780861e-02,
       1.6679709435497490e-02, -2.2173736863542952e-02,
       9.9961498222398293e-01 ]
T: !!opencv-matrix
   rows: 3
   cols: 1
   dt: d
   data: [ -1.0287741165258215e+02, 1.7889674206128616e+00,
       -2.1117308176169947e+00 ]
R1: !!opencv-matrix
   rows: 3
   cols: 3
   dt: d
   data: [ 9.9999170394126025e-01, -1.4430751501759060e-03,
       3.8091446239008984e-03, 1.4004554625845901e-03,
       9.9993665709083002e-01, 1.1167834638514706e-02,
       -3.8250193662471028e-03, -1.1162407452106246e-02,
       9.9993038252006383e-01 ]
R2: !!opencv-matrix
   rows: 3
   cols: 3
   dt: d
   data: [ 9.9963833009624203e-01, -1.7383022922247360e-02,
       2.0519247463812118e-02, 1.7611060278522214e-02,
       9.9978456214386913e-01, -1.0985438300690688e-02,
       -2.0323866715337272e-02, 1.1342830902232835e-02,
       9.9972910362200651e-01 ]
P1: !!opencv-matrix
   rows: 3
   cols: 4
   dt: d
   data: [ 7.5853168256885067e+02, 0., 2.9071583175659180e+02, 0., 0.,
       7.5853168256885067e+02, 3.9948810195922852e+02, 0., 0., 0., 1.,
       0. ]
P2: !!opencv-matrix
   rows: 3
   cols: 4
   dt: d
   data: [ 7.5853168256885067e+02, 0., 2.9071583175659180e+02,
       -7.8064009561986662e+04, 0., 7.5853168256885067e+02,
       3.9948810195922852e+02, 0., 0., 0., 1., 0. ]
Q: !!opencv-matrix
   rows: 4
   cols: 4
   dt: d
   data: [ 1., 0., 0., -2.9071583175659180e+02, 0., 1., 0.,
       -3.9948810195922852e+02, 0., 0., 0., 7.5853168256885067e+02, 0.,
       0., 9.7167912181930563e-03, 0. ]
