%YAML:1.0
---
M1: !!opencv-matrix
   rows: 3
   cols: 3
   dt: d
   data: [ 8.5370074650905781e+02, 0., 2.9836593740346495e+02, 0.,
       8.5680947166062094e+02, 3.9968324126605836e+02, 0., 0., 1. ]
D1: !!opencv-matrix
   rows: 1
   cols: 14
   dt: d
   data: [ 1.4334113031826146e-01, -1.1749283734369406e-01, 0., 0., 0.,
       0., 0., 2.0506237269630394e+00, 0., 0., 0., 0., 0., 0. ]
M2: !!opencv-matrix
   rows: 3
   cols: 3
   dt: d
   data: [ 8.5370074650905781e+02, 0., 3.0539684599365211e+02, 0.,
       8.5680947166062094e+02, 3.9935368986897089e+02, 0., 0., 1. ]
D2: !!opencv-matrix
   rows: 1
   cols: 14
   dt: d
   data: [ 1.4789805548575413e-01, -1.7910547319500414e-01, 0., 0., 0.,
       0., 0., 1.5952624664567068e+00, 0., 0., 0., 0., 0., 0. ]
