%YAML:1.0
---
M1: !!opencv-matrix
   rows: 3
   cols: 3
   dt: d
   data: [ 5.3398795379471153e+02, 0., 3.2838647413948360e+02, 0.,
       5.2871082254422458e+02, 2.3684272814602807e+02, 0., 0., 1. ]
D1: !!opencv-matrix
   rows: 1
   cols: 14
   dt: d
   data: [ -2.5896596028383162e-01, -1.2618399178284900e-01, 0., 0., 0.,
       0., 0., -3.9963356796555877e-01, 0., 0., 0., 0., 0., 0. ]
M2: !!opencv-matrix
   rows: 3
   cols: 3
   dt: d
   data: [ 5.3398795379471153e+02, 0., 3.1377033138106094e+02, 0.,
       5.2871082254422458e+02, 2.4187045538220684e+02, 0., 0., 1. ]
D2: !!opencv-matrix
   rows: 1
   cols: 14
   dt: d
   data: [ -2.6296219985192970e-01, -1.2154547213379564e-02, 0., 0., 0.,
       0., 0., -1.9510575565247237e-01, 0., 0., 0., 0., 0., 0. ]
